==================================================
 AutoLBLR
==================================================

==================================================
 Initialization
==================================================
AutoLBLR Parameters
	Data Size:       17521
	Length:          100
	Exclusion Range: 50
	Bits:            4
	Classes:         2

==================================================
 Experiment
==================================================
15:22:12 - [AutoLBLR] Iteration [1].
	Unlabeled IDX: 1 -  [1, 17521]
	Progress:      0%

15:22:18 - [AutoLBLR] Running MDL on [1] groups using MotifIDX [6217].
	Group 1 - Found [485] subsequences: [6217 3464 116 1141 5678 8756 9079 2815 4655 6650 979 8055 1087 170 1465 2545 2599 2653 6163 224 1195 2869 2923 2977 4601 1033 6109 7785 8702 278 2761 5732 6271 8810 9888 332 925 2275 6975 7029 386 1951 2437 3735 3952 6325 763 4277 4978 817 3031 4709 4763 6758 8648 9834 6379 8325 9025 5786 1357 1411 2707 3410 4331 8971 440 602 2167 3789 8001 9780 3898 6433 10341 15854 1627 2383 5140 6542 6921 12508 15028 3139 3844 4223 4439 7947 1519 2329 4006 8109 8379 9348 9672 11044 3951 4817 5086 5409 5570 8864 9726 3518 6596 7407 8271 13093 3356 4493 4870 5194 6704 8594 16265 6001 6055 12039 12857 14267 8433 12216 13329 13858 17032 1789 3301 3790 8918 14325 14443 1897 8595 10985 11395 11805 14911 1681 8649 12098 14209 17383 764 3897 5247 6487 7461 7516 10458 10575 12097 13034 14619 17149 17266 655 3573 4547 7353 9294 9618 9725 11512 13152 14560 15559 15618 656 4762 5840 8486 8487 9402 10283 11161 8 9 1628 3627 7623 11278 494 1520 1574 3355 3681 5571 6434 9240 9671 12157 13211 13682 14092 15677 4060 4114 4115 6541 7462 10224 11102 13270 13388 385 818 1304 1466 2060 2328 5516 7246 8217 8540 9779 10166 16206 17091 1844 3247 3519 4494 5302 5893 9617 11453 15913 16324 62 4440 5139 6920 7245 7408 7677 7786 7894 8432 8541 10634 11922 12566 15736 16147 439 709 1735 1952 2114 4169 4925 7515 7731 8863 12215 15204 17090 1250 2274 5947 6595 6867 7192 7624 8378 8972 12274 13447 14326 3409 5463 10049 11570 14385 14502 15263 15440 16856 548 5356 5839 6759 7678 9186 10633 10867 11219 15795 3248 4548 5085 5625 6866 7354 7732 8809 10399 10809 12391 13975 2492 4980 5517 7084 11336 15558 17325 547 3086 5948 6326 9133 9241 10107 10692 12449 12741 14677 14736 14852 493 1842 2222 5031 9564 9942 11746 13623 15971 16737 1791 2490 4386 6813 6974 10868 13505 15381 3193 9510 10282 10926 11688 11981 13506 15145 3626 5300 9026 13741 13917 15322 16148 16501 927 7300 10108 11864 12798 14384 16089 17324 2007 2220 4923 7136 7570 9563 9991 10517 13564 14034 17208 4061 5408 5462 7299 7948 8163 9132 11337 11747 12799 12915 15203 16678 16738 16855 16914 6056 7569 10225 17207 980 3141 3194 11980 14150 16973 9295 11454 14151 16382 16915 1572 3733 7190 9401 9509 12333 12740 13210 16030 1358 3682 9456 10400 10516 11220 12624 13799 14444 14735 15321 16797 11629 12450 13387 13800 16441 4602 5034 7841 11571 13740 16679 16796 873 11863 16619 2111 6811 8270 12916 13681 14853 2003 2057 16088 16383 16442 1247 6003 15087 15500 12275 15972 1301 7139 14793 7891 10165 15086 7081 7837 11687 5622 8218 12332 13916 869 3083 5353 9455 10808 16620 16974 12683 14796 4383 12976 12975 16031 10751 13565]

[AutoLBLR] Motif is 100.00% Class [1].

15:22:19 - [AutoLBLR] Brushing label [1] onto [75] subsequences.
	[6217, 6316] 	[6217, 6316] 	[3464, 3563] 	[116, 215] 	[1141, 1240] 	[5678, 5777] 	[8756, 8855] 	[9079, 9178] 	[2815, 2914] 	[4655, 4754] 	[6650, 6749] 	[979, 1078] 	[8055, 8154] 	[1087, 1186] 	[170, 269] 	[1465, 1564] 	[2545, 2644] 	[2599, 2698] 	[2653, 2752] 	[6163, 6262] 	[224, 323] 	[1195, 1294] 	[2869, 2968] 	[2923, 3022] 	[2977, 3076] 	[4601, 4700] 	[1033, 1132] 	[6109, 6208] 	[7785, 7884] 	[8702, 8801] 	[278, 377] 	[2761, 2860] 	[5732, 5831] 	[6271, 6370] 	[8810, 8909] 	[9888, 9987] 	[332, 431] 	[925, 1024] 	[2275, 2374] 	[6975, 7074] 	[7029, 7128] 	[386, 485] 	[1951, 2050] 	[2437, 2536] 	[3735, 3834] 	[3952, 4051] 	[6325, 6424] 	[763, 862] 	[4277, 4376] 	[4978, 5077] 	[817, 916] 	[3031, 3130] 	[4709, 4808] 	[4763, 4862] 	[6758, 6857] 	[8648, 8747] 	[9834, 9933] 	[6379, 6478] 	[8325, 8424] 	[9025, 9124] 	[5786, 5885] 	[1357, 1456] 	[1411, 1510] 	[2707, 2806] 	[3410, 3509] 	[4331, 4430] 	[8971, 9070] 	[440, 539] 	[602, 701] 	[2167, 2266] 	[3789, 3888] 	[8001, 8100] 	[9780, 9879] 	[3898, 3997] 	[6433, 6532] 

15:22:19 - [AutoLBLR] Autoclassifying [10] groups.
	2: [540,601] -> 1
	3: [702,762] -> 1
	4: [917,924] -> 1
	5: [1295,1356] -> 1
	8: [2267,2274] -> 1
	9: [2375,2436] -> 1
	10: [2537,2544] -> 1
	13: [3889,3897] -> 1
	20: [6750,6757] -> 1
	26: [8910,8970] -> 1

15:22:19 - [AutoLBLR] Iteration [2].
	Unlabeled IDX: 18 -  [1, 115] [1565, 1950] [2051, 2166] [3131, 3409] [3564, 3734] [4052, 4276] [4431, 4600] [4863, 4977] [5078, 5677] [5886, 6108] [6533, 6649] [6858, 6974] [7129, 7784] [7885, 8000] [8155, 8324] [8425, 8647] [9179, 9779] [9988, 17521]
	Progress:      31.8874%

15:22:22 - [AutoLBLR] Running MDL on [18] groups using MotifIDX [17315].
	Group 1 - Found [0] subsequences: []
	Group 2 - Found [0] subsequences: []
	Group 3 - Found [0] subsequences: []
	Group 4 - Found [0] subsequences: []
	Group 5 - Found [0] subsequences: []
	Group 6 - Found [0] subsequences: []
	Group 7 - Found [0] subsequences: []
	Group 8 - Found [0] subsequences: []
	Group 9 - Found [0] subsequences: []
	Group 10 - Found [0] subsequences: []
	Group 11 - Found [0] subsequences: []
	Group 12 - Found [0] subsequences: []
	Group 13 - Found [0] subsequences: []
	Group 14 - Found [0] subsequences: []
	Group 15 - Found [0] subsequences: []
	Group 16 - Found [0] subsequences: []
	Group 17 - Found [0] subsequences: []
	Group 18 - Found [216] subsequences: [17081 15077 13437 17198 11502 14316 10390 15903 11327 11971 14960 13201 13319 14609 16787 13378 15726 10273 13496 15785 15844 16373 12498 13260 12789 13083 15667 15371 16255 16728 11093 12206 15608 11854 14024 16491 15312 11795 13672 14258 17373 10098 10332 12265 16432 10448 12030 14551 15253 16846 17140 11385 13142 14726 10566 10858 16138 16905 17256 10565 11678 15018 16196 17139 10682 10916 12264 13495 15019 16669 17022 11561 11737 11151 12029 14083 16079 16727 10331 12731 17257 13024 15430 16197 12557 10741 10975 11796 10683 11443 15962 10039 12848 14082 16786 17374 11269 12381 12556 13907 14374 14434 11386 12847 13554 13613 14433 15786 16964 10449 11092 13202 10625 14902 16256 10157 14668 17023 12322 13848 14785 16313 10623 11035 12615 11033 12147 13025 15429 11152 12089 12439 14199 16137 16315 13790 16431 11209 15193 15195 15489 17197 10389 12087 13143 15904 17314 14959 11267 11445 10508 12382 13673 13849 10216 10506 11972 11913 14200 16020 16963 17316 10799 13966 10272 14842 10097 11736 14491 14493 14725 16550 15550 10040 11912 15135 11211 12205 16845 12905 10213 13965 10155 12146 12441 12673 13732 13789 14140 12324 14142 10800 14783 11325 12907 16371 14844 14376 16610 16903 13906 14900 16609 15547 13614 11620 13729 15491 16021 13556 10856 12614 10740 15137 11679 11618]

[AutoLBLR] Motif is 100.00% Class [2].

15:22:23 - [AutoLBLR] Brushing label [2] onto [217] subsequences.
	[17315, 17414] 	[17081, 17180] 	[15077, 15176] 	[13437, 13536] 	[17198, 17297] 	[11502, 11601] 	[14316, 14415] 	[10390, 10489] 	[15903, 16002] 	[11327, 11426] 	[11971, 12070] 	[14960, 15059] 	[13201, 13300] 	[13319, 13418] 	[14609, 14708] 	[16787, 16886] 	[13378, 13477] 	[15726, 15825] 	[10273, 10372] 	[13496, 13595] 	[15785, 15884] 	[15844, 15943] 	[16373, 16472] 	[12498, 12597] 	[13260, 13359] 	[12789, 12888] 	[13083, 13182] 	[15667, 15766] 	[15371, 15470] 	[16255, 16354] 	[16728, 16827] 	[11093, 11192] 	[12206, 12305] 	[15608, 15707] 	[11854, 11953] 	[14024, 14123] 	[16491, 16590] 	[15312, 15411] 	[11795, 11894] 	[13672, 13771] 	[14258, 14357] 	[17373, 17472] 	[10098, 10197] 	[10332, 10431] 	[12265, 12364] 	[16432, 16531] 	[10448, 10547] 	[12030, 12129] 	[14551, 14650] 	[15253, 15352] 	[16846, 16945] 	[17140, 17239] 	[11385, 11484] 	[13142, 13241] 	[14726, 14825] 	[10566, 10665] 	[10858, 10957] 	[16138, 16237] 	[16905, 17004] 	[17256, 17355] 	[10565, 10664] 	[11678, 11777] 	[15018, 15117] 	[16196, 16295] 	[17139, 17238] 	[10682, 10781] 	[10916, 11015] 	[12264, 12363] 	[13495, 13594] 	[15019, 15118] 	[16669, 16768] 	[17022, 17121] 	[11561, 11660] 	[11737, 11836] 	[11151, 11250] 	[12029, 12128] 	[14083, 14182] 	[16079, 16178] 	[16727, 16826] 	[10331, 10430] 	[12731, 12830] 	[17257, 17356] 	[13024, 13123] 	[15430, 15529] 	[16197, 16296] 	[12557, 12656] 	[10741, 10840] 	[10975, 11074] 	[11796, 11895] 	[10683, 10782] 	[11443, 11542] 	[15962, 16061] 	[10039, 10138] 	[12848, 12947] 	[14082, 14181] 	[16786, 16885] 	[17374, 17473] 	[11269, 11368] 	[12381, 12480] 	[12556, 12655] 	[13907, 14006] 	[14374, 14473] 	[14434, 14533] 	[11386, 11485] 	[12847, 12946] 	[13554, 13653] 	[13613, 13712] 	[14433, 14532] 	[15786, 15885] 	[16964, 17063] 	[10449, 10548] 	[11092, 11191] 	[13202, 13301] 	[10625, 10724] 	[14902, 15001] 	[16256, 16355] 	[10157, 10256] 	[14668, 14767] 	[17023, 17122] 	[12322, 12421] 	[13848, 13947] 	[14785, 14884] 	[16313, 16412] 	[10623, 10722] 	[11035, 11134] 	[12615, 12714] 	[11033, 11132] 	[12147, 12246] 	[13025, 13124] 	[15429, 15528] 	[11152, 11251] 	[12089, 12188] 	[12439, 12538] 	[14199, 14298] 	[16137, 16236] 	[16315, 16414] 	[13790, 13889] 	[16431, 16530] 	[11209, 11308] 	[15193, 15292] 	[15195, 15294] 	[15489, 15588] 	[17197, 17296] 	[10389, 10488] 	[12087, 12186] 	[13143, 13242] 	[15904, 16003] 	[17314, 17413] 	[14959, 15058] 	[11267, 11366] 	[11445, 11544] 	[10508, 10607] 	[12382, 12481] 	[13673, 13772] 	[13849, 13948] 	[10216, 10315] 	[10506, 10605] 	[11972, 12071] 	[11913, 12012] 	[14200, 14299] 	[16020, 16119] 	[16963, 17062] 	[17316, 17415] 	[10799, 10898] 	[13966, 14065] 	[10272, 10371] 	[14842, 14941] 	[10097, 10196] 	[11736, 11835] 	[14491, 14590] 	[14493, 14592] 	[14725, 14824] 	[16550, 16649] 	[15550, 15649] 	[10040, 10139] 	[11912, 12011] 	[15135, 15234] 	[11211, 11310] 	[12205, 12304] 	[16845, 16944] 	[12905, 13004] 	[10213, 10312] 	[13965, 14064] 	[10155, 10254] 	[12146, 12245] 	[12441, 12540] 	[12673, 12772] 	[13732, 13831] 	[13789, 13888] 	[14140, 14239] 	[12324, 12423] 	[14142, 14241] 	[10800, 10899] 	[14783, 14882] 	[11325, 11424] 	[12907, 13006] 	[16371, 16470] 	[14844, 14943] 	[14376, 14475] 	[16610, 16709] 	[16903, 17002] 	[13906, 14005] 	[14900, 14999] 	[16609, 16708] 	[15547, 15646] 	[13614, 13713] 	[11620, 11719] 	[13729, 13828] 	[15491, 15590] 	[16021, 16120] 	[13556, 13655] 	[10856, 10955] 	[12614, 12713] 	[10740, 10839] 	[15137, 15236] 	[11679, 11778] 	[11618, 11717] 

15:22:24 - [AutoLBLR] Autoclassifying [3] groups.
	18: [9988,10038] -> -1
	19: [13007,13023] -> 2
	20: [17474,17521] -> 2

15:22:24 - [AutoLBLR] Iteration [3].
	Unlabeled IDX: 17 -  [1, 115] [1565, 1950] [2051, 2166] [3131, 3409] [3564, 3734] [4052, 4276] [4431, 4600] [4863, 4977] [5078, 5677] [5886, 6108] [6533, 6649] [6858, 6974] [7129, 7784] [7885, 8000] [8155, 8324] [8425, 8647] [9179, 9779]
	Progress:      74.8873%

15:22:24 - [AutoLBLR] Running MDL on [17] groups using MotifIDX [7885].
	Group 1 - Found [1] subsequences: 54
	Group 2 - Found [9] subsequences: [1565 1619 1889 1835 1673 1781 1727 1890 1566]
	Group 3 - Found [2] subsequences: [2051 2105]
	Group 4 - Found [7] subsequences: [3185 3131 3293 3347 3239 3186 3240]
	Group 5 - Found [5] subsequences: [3564 3618 3673 3619 3672]
	Group 6 - Found [5] subsequences: [4106 4160 4052 4215 4214]
	Group 7 - Found [4] subsequences: [4485 4431 4540 4538]
	Group 8 - Found [2] subsequences: [4916 4862]
	Group 9 - Found [19] subsequences: [5347 5616 5293 5401 5562 5239 5078 5185 5132 5186 5455 5508 5131 5454 5509 5400 5346 5615 5077]
	Group 10 - Found [5] subsequences: [6047 5993 5939 5885 5994]
	Group 11 - Found [4] subsequences: [6533 6534 6588 6587]
	Group 12 - Found [3] subsequences: [6858 6913 6912]
	Group 13 - Found [14] subsequences: [7183 7129 7399 7237 7345 7669 7453 7723 7615 7291 7507 7561 7238 7724]
	Group 14 - Found [2] subsequences: [7885 7939]
	Group 15 - Found [4] subsequences: [8155 8209 8262 8264]
	Group 16 - Found [5] subsequences: [8586 8532 8478 8425 8424]
	Group 17 - Found [19] subsequences: [9340 9232 9718 9178 9394 9664 9717 9663 9502 9555 9609 9610 9556 9501 9448 9287 9285 9393 9447]

[AutoLBLR] Motif is 100.00% Class [1].

15:22:25 - [AutoLBLR] Brushing label [1] onto [111] subsequences.
	[7885, 7984] 	[7885, 7984] 	[2051, 2150] 	[5347, 5446] 	[2105, 2204] 	[3185, 3284] 	[5616, 5715] 	[7183, 7282] 	[3131, 3230] 	[4485, 4584] 	[5293, 5392] 	[4916, 5015] 	[9340, 9439] 	[7129, 7228] 	[1565, 1664] 	[1619, 1718] 	[1889, 1988] 	[4431, 4530] 	[6047, 6146] 	[7939, 8038] 	[1835, 1934] 	[8586, 8685] 	[9232, 9331] 	[5401, 5500] 	[7399, 7498] 	[7237, 7336] 	[3564, 3663] 	[7345, 7444] 	[4106, 4205] 	[5562, 5661] 	[54, 153] 	[1673, 1772] 	[1781, 1880] 	[5239, 5338] 	[3293, 3392] 	[5993, 6092] 	[4862, 4961] 	[5939, 6038] 	[7669, 7768] 	[8532, 8631] 	[7453, 7552] 	[7723, 7822] 	[3347, 3446] 	[4160, 4259] 	[5078, 5177] 	[5185, 5284] 	[6858, 6957] 	[7615, 7714] 	[6533, 6632] 	[6913, 7012] 	[3239, 3338] 	[5885, 5984] 	[9718, 9817] 	[5132, 5231] 	[8478, 8577] 	[1727, 1826] 	[5186, 5285] 	[7291, 7390] 	[9178, 9277] 	[8425, 8524] 	[7507, 7606] 	[6534, 6633] 	[6912, 7011] 	[1890, 1989] 	[9394, 9493] 	[5455, 5554] 	[8424, 8523] 	[9664, 9763] 	[3618, 3717] 	[5508, 5607] 	[9717, 9816] 	[9663, 9762] 	[4052, 4151] 	[3673, 3772] 	[6588, 6687] 	[8155, 8254] 	[1566, 1665] 	[3619, 3718] 	[4215, 4314] 	[7561, 7660] 	[9502, 9601] 	[9555, 9654] 	[5131, 5230] 	[8209, 8308] 	[9609, 9708] 	[4214, 4313] 	[5454, 5553] 	[9610, 9709] 	[6587, 6686] 	[7238, 7337] 	[5509, 5608] 	[9556, 9655] 	[4540, 4639] 	[5400, 5499] 	[9501, 9600] 	[5346, 5445] 	[7724, 7823] 	[5615, 5714] 	[5077, 5176] 	[9448, 9547] 	[4538, 4637] 	[9287, 9386] 	[3186, 3285] 	[5994, 6093] 	[3240, 3339] 	[9285, 9384] 	[9393, 9492] 	[3672, 3771] 	[9447, 9546] 	[8262, 8361] 	[8264, 8363] 

15:22:25 - [AutoLBLR] Autoclassifying [1] groups.
	1: [1,53] -> 1

